1620335573088239616
1620530080874381312
1622875043012259841
1622880806099210241
1622887376962916352
1622892759353896961
1622892451022139392
1622899319249506304
1622899400732209152
1622923977625665537
1622951306251096064
1622953767464230912
1623215255982682114
1622987385968513025
1623365565288001536
1623369529249173510
1630839625093722112
1636299145911717888
1636318810184491011
1636845210058518530
1639027987663278085
1639027910303526912
1641521449579036672
1642846818873507841
